00000000000000000000000000000000000000000000000000
00000000000000000000000000000000000111100000000000
00000000000000000000000000000000000111100000000000
00000000000000000000000000000000000000000000000000
00000001111000000000000000000000000000000000000000
00000011111100000000000000000000000000000000000000
00000011111100000000000000000000000000000000000000
00000000000000000000000000000000000000000000000000
00000000000000000000000000000000000000000000000000
00000000000000000000011100000000000000000000000000
00000000000000000000111110000000000000000000000000
00000000000000000000111110000000000000000000000000
00000000000000000000000000000110000000000000000000
00000000000000000000000000001111100000000000000000
00000000000000000000000000001111100000000000000000
00000000000000000000000000000000000000000000000000
00000001111000000000000000000000000000000000000000
00000001111000000000000000000000000000000000000000
00000000000000000000000000000000000000000000000000
00000000000000000000111000000000000000000000000000
00000000000000000001111100000000000000000000000000
00000000000000000000011000000000000000000000000000
00000000000000000000000000000000000000000000000000
00000000000000000000000000000000000000000000000000
00011111000000000000000000000000000000000000000000
00011111000000000000000000000000000111000000000000
00000000000000000000000000000000001111100000000000
00000000000000000000000000000000001111100000000000
00000000000000000000000000000000000000000000000000
00000000000000000000000000000000000000000000000000
